44,36
33,205
0,536
0,535
24,6
25,5
24,1
24,3
25,4
25,1
25,3
44,35
27,5
27,1
27,3
33,8
33,7
33,6
33,10
33,9
33,5
33,87
14,4
3,2
3,1
3,3
10,235
10,79
10,153
10,23
10,17
10,183
10,129
11,13
11,27
11,24
11,16
11,23
11,19
11,10
9,5
8,5
8,14
8,8
8,15
8,10
18,1
18,3
14,1
14,5
14,3
13,1
13,3
2,2
2,1
2,3
38,3
38,2
38,1
38,0
37,3
37,2
37,1
37,0
36,3
36,2
36,1
36,0
35,9
35,8
35,7
35,6
35,5
35,4
35,3
35,1
34,5
34,4
34,3
34,1
33,204
33,203
33,202
33,201
33,200
33,199
33,198
33,197
33,196
33,195
33,194
33,193
33,192
33,142
33,141
33,140
33,139
33,138
33,137
33,136
33,135
33,134
33,133
33,132
33,131
33,130
33,129
33,128
33,127
33,126
33,125
33,124
33,123
33,122
33,121
33,120
33,119
33,118
33,117
33,116
33,115
33,114
33,113
33,112
33,111
33,110
33,109
33,108
33,107
33,106
33,105
33,104
33,103
33,102
33,101
33,4
